apellido,frec_pri,frec_seg,freq_rep
GARCIA,1484607,1498937,82190
GONZALEZ,935931,941809,43028
RODRIGUEZ,933764,938533,44459
FERNANDEZ,928656,937259,53978
LOPEZ,879868,884271,36070
MARTINEZ,841250,844743,40333
SANCHEZ,822946,829357,35769
PEREZ,786515,797298,27396
GOMEZ,495718,498190,14527
MARTIN,494251,491448,22334
JIMENEZ,391726,390617,22013
RUIZ,369817,373941,9083
HERNANDEZ,359909,362811,15480
DIAZ,341053,341815,8765
MORENO,320049,320796,10251
ALVAREZ,286166,285435,10761
MUÑOZ,283083,282699,7063
ROMERO,220176,220008,4731
